mh= 0.025 me, mc= 0.050 me, T=300.00 K
Ev= 0.000 eV, Ec= 1.000 eV, mu0= 0.487 eV
NA=1e+014 1/m^3, ND=1e+024 1/m^3, mu= 0.981 eV
n=1.31e+023 1/m^3
Next are the approximate results assuming NA=0
n_approx=1.4e+023 1/m^3, mu_approx= 0.983 eV
