%x0 in 1/T  (inverse Kelvin)
x0=[0.001041,0.001190,0.001237,0.001300,0.001457,0.001535,...
  0.001606,0.001629,0.001708,0.001739,0.001794,0.001880,...
  0.002029,0.001943,0.002163,0.002296,0.002406,0.002524,...
  0.002610,0.002680,0.002735,0.002751,0.002814,0.002829,...
  0.002931,0.003018,0.003049,0.003245,0.003190,0.003331,...
  0.003425,0.003378,0.003527,0.003551,0.003606,0.003661,0.003770];
%y0 in 1/(ohm-centimeter)) - conductivity
y0=[342.405943,203.074316,145.019614,124.955666,57.005514,...
  45.581777,37.834939,28.039634,28.078411,19.307971,17.270054,...
  12.341431,5.844582,8.178657,2.982614,1.836023,1.264278,...
  0.555157,0.396723,0.354948,0.210164,0.161683,0.168048,...
  0.107177,0.079539,0.059012,0.048949,0.022346,0.021503,...
  0.013238,0.008144,0.008771,0.005202,0.004828,0.004006,...
  0.002756,0.001970];
